1735099486
113900221
961222375
1980564586
2085369312
990160318
2025916789
3572878993
2380152515
1090399329
1766549708
3767506590
3472766144
4248936516
658292479
2016299657
3421581218
1284982883
3223707739
3201130058
2329685105
2227704000
597294507
2051247678
4011867
798261542
1262382110
1176505497
732507420
2826059758
1152541769
710796200
3720784787
741036259
501982496
481302082
1588148045
4269675787
3628003646
2200155789
3208698653
2306072669
603293807
610544686
1931232592
1398506258
3629540007
45131361
2231667022
3502940079
1729200073
3311119324
3869771182
1883580242
4041383794
3066577448
147761128
1865697311
1330732906
1074039475
1660606071
109337739
1069060664
3600491142
434011033
982665121
3216341553
2383805830
334827298
2892436826
775580235
3221657312
2542983032
1953948473
2207441847
1206122209
52806671
3234764455
1820265074
1886040838
2468284534
2017515493
296664899
3852763369
1074552455
1971239554
3167973556
3893300760
3837981904
3702713959
4055971091
3034944107
1210705024
3632627312
3626485120
3468235845
3875986521
2961033659
149866327
743836242
3320838483
581500564
3467241126
2642461634
4090173924
1325713138
519139098
1101907364
3205179402
3372994086
3509704822
789404494
549199925
2055949226
2274884817
4243846702
1862612704
3425796498
3466978207
398161555
2548260879
3201027003
515828288
709149389
3149442147
2643976993
192430333
236589248
1414820353
1465820050
2433533158
3146150968
1688173076
3482103003
1443597446
576813179
1014199669
3874076034
2591415307
594999165
2354103646
174468106
1471293635
1100287389
148624237
2244288558
1460647746
3476274851
4129428564
961222371